4	0	0	0	0
5	0	0	0	0
6	0	0	0	0
7	1	0	0	0
8	1	1	0	0
9	2	1	1	0
10	2	1	1	0
11	2	2	1	0
12	3	2	2	1
13	3	3	2	1
14	4	3	2	1
15	4	3	3	2
16	4	4	3	2
17	5	4	4	2
18	5	5	4	3
19	6	5	4	3
20	6	5	5	3
21	7	6	5	4
22	7	6	5	4
23	7	7	6	4
24	8	7	6	5
25	8	7	7	5
26	9	8	7	6
27	9	8	7	6
28	10	9	8	6
29	10	9	8	7
30	10	10	9	7
31	11	10	9	7
32	11	10	9	8
33	12	11	10	8
34	12	11	10	9
35	13	12	11	9
36	13	12	11	9
37	14	13	12	10
38	14	13	12	10
39	15	13	12	11
40	15	14	13	11
41	15	14	13	11
42	16	15	14	12
43	16	15	14	12
44	17	16	15	13
45	17	16	15	13
46	18	16	15	13
47	18	17	16	14
48	19	17	16	14
49	19	18	17	15
50	20	18	17	15