  1.1010525e+000  6.6659424e-001
  9.2592238e-001  8.4557119e-001
  9.7314535e-001  5.4072600e-001
  9.0325501e-001  3.1170599e-001
  1.8881126e+000  4.0143802e-001
  9.5089958e-001  4.5299773e-001
  1.0803190e+000  6.3262830e-001
  1.1042340e+000  4.7953068e-001
  8.3468265e-001  6.3386748e-001
  5.0618692e-001  4.9327343e-001
  1.5392135e-001  4.2948429e-001
  2.8327831e-001  4.2985834e-001
  5.3033048e-001  6.7473301e-001
  2.0010112e+000  7.7832238e-001
  3.1316187e+000  7.6604788e-001
  1.7083284e+000  6.2473403e-001
  6.8432310e-001  5.6064611e-001
  1.6861734e+000  9.8735896e-001
  1.1799846e+000  8.0704963e-001
  8.9744193e-001  5.7473097e-001
  6.6185652e-001  1.0928711e+000
  7.6835202e-001  7.1792078e-001
  9.4577920e-001  7.1834189e-001
  2.3872673e+000  1.4449206e+000
  1.3247015e+000  1.3289362e+000
  2.3064636e+000  2.4200565e+000
  1.9525979e+000  1.9537106e+000
  1.0423587e+000  1.1620127e+000
  7.3503386e-001  1.0455471e+000
  1.4576315e+000  2.0344521e+000
  2.4058707e+000  2.2565060e+000
  1.3521309e+000  1.7497703e+000
  1.2341079e+000  1.6723162e+000
  7.3647973e-001  9.1739551e-001
  7.2489622e-001  9.1771679e-001
  7.6077459e-001  8.3980982e-001
  4.5235760e-001  4.7496644e-001
  5.7129577e-001  8.2728396e-001
  4.0515742e-001  5.4047886e-001
  3.6964199e-001  8.2774109e-001
  8.0969422e-001  1.5850903e+000
  9.1701111e-001  1.5201833e+000
  6.1986733e-001  7.7609303e-001
  3.9393516e-001  6.0643739e-001
  2.7500455e-001  6.1962185e-001
  1.0372578e+000  1.4038134e+000
  1.2519857e+000  1.6915981e+000
  6.9229911e-001  8.6831194e-001
  6.9248939e-001  4.2391544e-001
  1.1825550e-003  3.5859210e-001
  1.1825550e-003  3.9786866e-001
  4.6638374e-001  9.2107624e-001
  2.7559673e-001  6.5956166e-001
  4.1886374e-001  5.8113239e-001
  5.2638094e-001  8.8208274e-001
  3.5934619e-001  6.9897603e-001
  4.1912216e-001  1.2747416e+000
  7.5361426e-001  1.3271560e+000
  1.0404389e+000  1.1963628e+000
  1.1839830e+000  1.3272797e+000
  9.6908181e-001  9.3471821e-001
  1.2560544e+000  9.3474700e-001
  1.3399009e+000  6.8610349e-001
  1.1966245e+000  6.2067740e-001
  6.9462449e-001  4.7671679e-001
  5.3925973e-001  5.0289929e-001
  4.7952442e-001  5.1599216e-001
  7.3072584e-001  6.5996959e-001
  6.3510552e-001  6.3379477e-001
  9.3420321e-001  6.5997341e-001
  8.7446016e-001  6.7306283e-001
  4.4383295e-001  4.2437840e-001
  4.3189587e-001  5.2908846e-001
  5.0370892e-001  6.7306560e-001
  7.3107759e-001  1.1573530e+000
  8.2683654e-001  1.2620713e+000
  1.1858601e+000  1.6547531e+000
  8.1492620e-001  1.0395846e+000
  5.7560519e-001  1.0396034e+000
  1.4133363e+000  1.4715881e+000
  1.1381067e+000  1.1312888e+000
  5.2776564e-001  6.3388780e-001
  2.6447707e-001  6.8627957e-001
  6.3548831e-001  7.7795713e-001
  8.6288610e-001  9.4820711e-001
  9.2273035e-001  1.7469758e+000
  8.8682818e-001  1.3411832e+000
  9.5863883e-001  1.2234420e+000
  1.1022585e+000  1.5771855e+000
  1.0184822e+000  2.4418663e+000
  5.7565860e-001  1.4334596e+000
  4.7991388e-001  1.8398200e+000
  6.4747257e-001  1.6435401e+000
  6.3550823e-001  1.4079020e+000
  4.7992320e-001  8.8381403e-001
  5.1583503e-001  1.4608764e+000
  7.9112698e-001  1.7103491e+000
  8.3901968e-001  1.1991782e+000
  1.1861542e+000  1.9079547e+000
  1.2221012e+000  1.6591036e+000
  1.8086901e+000  1.8564699e+000
  1.1743203e+000  1.6075259e+000
  1.4856401e+000  1.1877020e+000
  9.2303969e-001  1.0304186e+000
  1.4738637e+000  1.2147916e+000
  1.5817477e+000  1.1757878e+000
  2.3123692e+000  1.2420072e+000
  2.5161992e+000  1.6899184e+000
  3.7022644e+000  1.9275945e+000
  1.2949241e+000  8.8796779e-001
  1.8821531e+000  1.6526171e+000
  9.2383197e-001  8.7561351e-001
  4.9254120e-001  1.0211315e+000
  5.8851601e-001  1.1272278e+000
  5.8862304e-001  9.0337232e-001
  5.7674633e-001  9.3029366e-001
  5.8885871e-001  8.6473481e-001
  6.3697168e-001  1.0900934e+000
  1.1170715e+000  1.3289808e+000
  8.6530836e-001  1.2503656e+000
  1.0696141e+000  1.8077459e+000
  9.6183177e-001  1.3183274e+000
  9.3808329e-001  1.1069266e+000
  7.5813706e-001  9.7492393e-001
  8.1846963e-001  1.1483958e+000
  7.4660120e-001  1.6413277e+000
  7.4685756e-001  1.6825285e+000
  9.5165809e-001  9.9122455e-001
  1.5417707e+000  1.5386008e+000
  2.7103055e+000  1.6866507e+000
  1.1816362e+000  9.4029312e-001
  9.8932714e-001  8.2082699e-001
  8.8125919e-001  7.0116398e-001
  7.3692489e-001  5.9468621e-001
  2.9079206e-001  1.3956307e-001
  8.5836454e-001  9.7142852e-001
  1.1607783e+000  9.7237438e-001
  1.5360381e+000  1.5244487e+000
  3.1934842e+000  2.3467738e+000
  2.6992262e+000  1.1908428e+000
  1.4054639e+000  8.8197487e-001
  8.7332744e-001  7.8843312e-001
  3.4070708e+000  2.5189533e+000
  3.5426459e+000  2.6705716e+000
  2.6954242e+000  2.2672985e+000
  2.0171477e+000  1.8495813e+000
  9.1263720e-001  1.1051204e+000
  9.2544126e-001  1.0792507e+000
  1.2303599e+000  1.4479612e+000
  1.5357424e+000  1.7903476e+000
  1.3784506e+000  1.5879521e+000
  5.5007301e-001  8.7969940e-001
  9.6554337e-001  1.4005165e+000
  5.5093885e-001  8.9564942e-001
  6.1251666e-001  9.1053056e-001
  2.7039039e-001  2.9387456e-001
  6.5026900e-001  1.4353993e+000
  7.9790445e-001  1.1895298e+000
  7.0044444e-001  7.7756833e-001
  6.1510189e-001  8.0624897e-001
  1.4881707e+000  1.4709517e+000
  1.4525900e+000  1.2653584e+000
  1.6754917e+000  1.0869223e+000
  1.0978632e+000  7.4138077e-001
  5.0685724e-001  3.8094510e-001
  1.3344335e+000  7.4352036e-001
  1.5580903e+000  9.9560697e-001
  1.1761432e+000  6.0604488e-001
  9.5441926e-001  6.3491059e-001
  7.1988826e-001  4.9578358e-001
  1.4771801e+000  7.7708282e-001
  1.4910162e+000  1.0170893e+000
  1.0947841e+000  8.4978136e-001
  5.8583262e-001  4.9876799e-001
  8.3543255e-001  5.8420968e-001
  1.1353766e+000  7.2646030e-001
  6.2497717e-001  4.8689926e-001
  5.1319668e-001  4.0257106e-001
  5.3870129e-001  5.8781572e-001
  6.1430705e-001  8.0209143e-001
  6.2743609e-001  5.8964813e-001
  6.4059034e-001  7.3326167e-001
  5.5337156e-001  9.6308215e-001
  4.7854208e-001  1.0075483e+000
  4.0356435e-001  8.2276272e-001
  4.7947943e-001  7.5226926e-001
  3.0356037e-001  3.7950383e-001
  4.5519201e-001  6.2501301e-001
  5.5662323e-001  1.0588988e+000
  2.5390068e-001  1.1184129e+000
  3.9327474e-001  8.7411871e-001
  2.2906861e-001  3.9703537e-001
  2.1661519e-001  5.1385966e-001
  2.8024486e-001  4.2740604e-001
  2.9320807e-001  6.3208736e-001
  4.4599206e-001  7.0608677e-001
  5.2273926e-001  6.1952410e-001
  5.3596518e-001  7.3767484e-001
  6.7666321e-001  7.5354748e-001
  4.2216000e-001  5.3441678e-001
  5.2470519e-001  7.1187488e-001
  6.0187914e-001  2.2754513e+000
  8.3270782e-001  1.4081349e+000
  1.1792060e+000  1.5287780e+000
  5.1384257e-001  3.6106133e-001
  1.1172528e+000  1.1183988e+000
  1.7859823e+000  1.4769720e+000
  1.0293571e+000  8.9881263e-001
  1.1460861e+000  9.7487794e-001
  2.3703662e+000  1.2005796e+000
  1.2641992e+000  8.1355244e-001
  1.4072681e+000  8.8986016e-001
  1.0083051e+000  9.0637107e-001
  1.7846679e+000  1.2538029e+000
  1.7863240e+000  8.1904288e-001
  1.2182787e+000  8.3551802e-001
  8.6949433e-001  6.2530597e-001
  1.7394234e+000  7.0207480e-001
  1.2995865e+000  1.6133440e+000
  5.8600960e-001  6.8926853e-001
  1.1068877e+000  1.0100634e+000
  8.7355332e-001  8.2883643e-001
  8.4830447e-001  9.5243479e-001
