      .00000
      .00957
      .08650
      .00189
      .04035
      .00514
      .00681
      .03492
      .01847
      .01657
      .01240
      .00527
      .01535
      .00795
      .00060
      .00520
      .01554
      .00364
      .00550
      .00015
      .00075
      .00209
      .00630
      .00120
      .01168
      .02510
      .00279
      .00320
      .00267
      .00520
      .00276
      .00698
      .00447
      .01124
      .01025
      .00694
      .00086
      .00268
      .00140
      .00351
      .00020
      .00343
      .00260
      .00341
      .00093
      .00091
      .00205
      .00510
      .00385
      .00743
      .00050
      .00262
      .00014
      .00130
      .00292
      .00410
      .00005
      .00533
      .00030
      .00165
      .00737
      .00196
      .00710
      .00161
      .00494
      .00354
      .00135
      .00242
      .00394
      .00024
      .00036
      .00307
      .00330
      .00155
      .00179
      .00273
      .00397
      .00122
      .00022
      .00306
      .00310
      .00111
      .00716
      .00179
      .00528
      .00062
      .00161
      .00084
      .00221
      .00017
      .00027
      .00020
      .00010
      .00029
      .00094
      .00007
      .00371
      .00021
      .00243
      .00320
      .00098
      .00064
      .00069
      .00098
      .00050
      .00057
      .00035
      .00027
      .00064
      .00051
      .00066
      .00138
      .00557
      .00279
      .00118
      .00166
      .00122
      .00037
      .00003
      .00199
      .00511
      .00374
      .00085
      .00046
      .00043
      .00081
      .00298
      .00115
      .00091
