      .24571
      .24501
      .24229
      .23333
      .21593
      .19586
      .17821
      .16404
      .15214
      .13829
      .12107
      .10312
      .08708
      .07513
      .06735
      .06155
      .05575
      .04866
      .04044
      .03382
      .03223
      .03740
      .04865
      .06215
      .07208
      .07456
      .06939
      .05954
      .05029
      .04585
      .04705
      .05213
      .05763
      .05993
      .05724
      .05003
      .04044
      .03134
      .02485
      .02148
      .02039
      .02027
      .02021
      .02020
      .02090
      .02289
      .02598
      .02901
      .03041
      .02927
      .02609
      .02229
      .01960
      .01875
      .01935
      .02070
      .02222
      .02390
      .02625
      .02915
      .03208
      .03422
      .03476
      .03365
      .03122
      .02804
      .02478
      .02178
      .01943
      .01806
      .01770
      .01819
      .01916
      .02005
      .02049
      .02038
      .01987
      .01959
      .02012
      .02177
      .02434
      .02684
      .02810
      .02745
      .02479
      .02087
      .01667
      .01282
      .00962
      .00711
      .00526
      .00429
      .00438
      .00556
      .00770
      .01030
      .01274
      .01450
      .01508
      .01438
      .01274
      .01062
      .00855
      .00691
      .00573
      .00500
      .00475
      .00526
      .00686
      .00967
      .01334
      .01685
      .01904
      .01921
      .01750
      .01500
      .01326
      .01327
      .01503
      .01740
      .01884
      .01847
      .01650
      .01400
      .01219
      .01159
      .01189
      .01248
      .01277
