      .00000
      .02380
      .02517
      .00435
      .03282
      .01768
      .00574
      .00564
      .00684
      .00635
      .00220
      .00070
      .00468
      .00407
      .00077
      .00016
      .02374
      .00324
      .00983
      .00003
      .00146
      .00263
      .00047
      .00050
      .00161
      .01241
      .00058
      .00200
      .00342
      .00203
      .00005
      .00239
      .00253
      .00080
      .00781
      .00319
      .00041
      .00022
      .00143
      .00153
      .00113
      .00419
      .00134
      .00150
      .00238
      .00093
      .00469
      .00099
      .00647
      .00432
      .00003
      .00156
      .00141
      .00098
      .00001
      .00004
      .00251
      .00522
      .00081
      .00314
      .00174
      .00185
      .00081
      .00323
      .00416
      .00174
      .00021
      .00093
      .00367
      .00063
      .00030
      .00036
      .00284
      .00417
      .00051
      .00036
      .00117
      .00364
      .00038
      .00034
      .00008
      .00080
      .00366
      .00138
      .00181
      .00059
      .00021
      .00039
      .00058
      .00071
      .00023
      .00061
      .00203
      .00007
      .00044
      .00048
      .00063
      .00002
      .00039
      .00011
      .00014
      .00070
      .00094
      .00014
      .00047
      .00288
      .00020
      .00036
      .00104
      .00186
      .00074
      .00118
      .00276
      .00099
      .00007
      .00026
      .00249
      .00178
      .00020
      .00002
      .00008
      .00087
      .00103
      .00100
      .00220
      .00052
      .00059
      .00155
      .00017
