      .15433
      .15479
      .15562
      .15312
      .14327
      .12637
      .10461
      .08176
      .06215
      .04742
      .03761
      .03276
      .03267
      .03727
      .04557
      .05423
      .05938
      .05836
      .05075
      .03957
      .02915
      .02256
      .02111
      .02369
      .02746
      .02992
      .02981
      .02714
      .02332
      .02029
      .01913
      .01999
      .02216
      .02399
      .02410
      .02223
      .01909
      .01610
      .01455
      .01469
      .01580
      .01705
      .01803
      .01892
      .02033
      .02247
      .02484
      .02647
      .02630
      .02402
      .02016
      .01581
      .01240
      .01085
      .01143
      .01372
      .01662
      .01898
      .02014
      .02012
      .01964
      .01936
      .01941
      .01943
      .01891
      .01767
      .01597
      .01426
      .01304
      .01259
      .01292
      .01378
      .01465
      .01505
      .01480
      .01395
      .01273
      .01147
      .01049
      .01011
      .01054
      .01152
      .01232
      .01227
      .01109
      .00913
      .00714
      .00576
      .00522
      .00535
      .00580
      .00616
      .00617
      .00580
      .00511
      .00430
      .00359
      .00310
      .00292
      .00311
      .00366
      .00453
      .00561
      .00674
      .00768
      .00833
      .00877
      .00918
      .00973
      .01046
      .01110
      .01137
      .01117
      .01067
      .01012
      .00962
      .00903
      .00817
      .00713
      .00631
      .00615
      .00677
      .00785
      .00884
      .00934
      .00930
      .00891
      .00852
      .00837
