      .00000
      .02491
      .02996
     -.00203
     -.07603
     -.01881
     -.03591
      .06977
     -.05053
      .05534
     -.04609
     -.00407
      .04832
     -.03819
     -.00665
     -.03110
      .05050
      .00935
     -.01629
     -.00192
     -.01193
     -.01529
     -.00900
     -.01084
     -.03904
     -.00655
     -.00829
     -.01712
      .02243
      .01133
     -.02048
      .01692
      .02335
      .04478
     -.03393
      .03444
     -.01256
      .01358
      .00604
      .01403
      .00312
      .00127
     -.00974
      .00334
     -.00104
     -.01290
     -.01234
     -.01837
      .02564
      .02240
      .00970
      .02193
     -.00334
     -.00135
      .00584
      .02788
     -.00289
      .03175
     -.00454
     -.00165
      .01701
      .01801
     -.03358
      .01551
     -.00702
     -.02534
      .01324
      .02035
      .01932
      .00532
     -.00495
     -.01138
     -.00108
      .00658
     -.00575
     -.01096
     -.01729
      .00579
     -.00423
      .02210
     -.02393
     -.01117
     -.02839
      .01801
     -.02087
      .00772
     -.00163
      .00502
      .01257
      .00565
     -.00368
     -.00444
     -.00378
     -.00552
      .01149
     -.00276
     -.02386
      .00535
     -.01955
      .02215
      .00241
      .00577
      .01067
     -.00095
      .00225
     -.00977
      .00201
      .00573
      .00439
      .00302
      .01017
      .01566
     -.03249
      .01844
     -.01489
      .01519
     -.00806
      .00834
     -.00249
     -.00009
      .03113
     -.01533
      .00640
     -.00082
     -.00358
     -.00643
     -.00165
     -.00450
      .00000
