      .00000
     -.03861
      .05195
     -.00411
     -.04081
      .05678
     -.00345
      .02897
      .03598
      .01387
      .01498
      .00552
      .02376
     -.02569
     -.01111
     -.00114
      .06582
      .02473
     -.01390
     -.00227
      .01654
     -.02219
      .00582
      .00952
     -.00725
      .00765
      .00065
     -.01306
      .02246
      .01450
     -.00298
      .01726
      .00396
      .01092
     -.02078
      .00877
     -.00553
      .00633
      .00909
      .01626
     -.01348
     -.01015
     -.01103
      .01435
      .01259
     -.01238
     -.02253
     -.00760
      .03350
      .02196
      .00221
     -.00004
     -.01459
     -.00610
     -.00051
     -.00246
     -.01942
      .03084
     -.00558
     -.01405
      .01501
      .01847
     -.01131
      .02174
     -.02684
     -.01749
     -.00550
      .01326
      .01174
     -.00280
      .00172
     -.00701
      .00536
     -.01527
     -.00480
     -.00599
      .00391
      .00774
     -.00849
      .00691
     -.00022
      .00236
     -.02505
      .01569
     -.01667
      .00509
      .00474
      .00221
      .00990
      .00669
     -.00461
     -.01010
     -.01882
     -.00356
      .00397
     -.00056
     -.01036
     -.00113
     -.00183
      .00045
      .00483
      .00329
      .01065
     -.00283
      .00911
     -.02333
     -.00491
     -.00694
      .00982
      .00661
     -.01006
      .00571
     -.02164
      .01329
     -.00339
     -.00139
     -.01020
      .01788
     -.00582
      .00017
     -.00377
     -.00428
      .00725
     -.00721
      .00251
     -.00742
     -.00353
      .00816
      .00000
