      .00000
     -.03457
      .12455
     -.01884
     -.04329
      .02491
     -.00139
     -.04191
     -.03084
      .00904
      .01509
      .03134
      .02402
      .00704
     -.00838
      .00452
      .01994
      .02455
      .02790
      .00501
      .00020
     -.01272
      .03338
     -.01047
      .02630
     -.06869
      .02148
     -.01771
      .00166
     -.02930
      .01018
     -.03221
      .01742
      .01125
      .02816
     -.01142
      .00221
     -.01799
      .01512
      .02165
     -.00523
      .02548
     -.01997
      .02520
      .01325
      .00249
      .01536
     -.02509
      .00850
     -.03013
      .00030
     -.00390
     -.00393
     -.01563
      .02281
     -.00024
      .00136
     -.00169
      .00597
      .01763
      .03328
      .00692
      .01480
     -.00801
     -.02980
     -.00548
     -.00898
      .00665
     -.01936
     -.00412
      .00660
      .02126
      .02501
     -.01586
      .01750
     -.01993
      .02132
     -.01408
      .00480
     -.00957
     -.00401
      .00928
     -.02349
     -.00388
     -.02378
      .00762
     -.01739
      .01155
     -.01616
     -.00015
      .00614
      .00437
      .00226
      .00490
     -.00681
     -.00241
     -.01161
      .00324
     -.00888
     -.01083
     -.01342
      .00940
     -.00407
      .01357
      .00951
     -.00361
     -.00787
      .00424
     -.01010
     -.00934
      .00463
     -.00397
     -.00115
      .01378
      .00153
      .00913
     -.01290
      .00072
      .00017
      .01943
     -.00073
      .02179
     -.01097
      .00932
     -.00827
      .01059
      .02372
     -.01409
      .01316
