      .00000
     -.05499
      .04556
     -.02845
     -.06752
     -.01138
     -.03283
     -.01517
     -.00155
      .03183
      .01389
      .01011
     -.01796
      .01056
      .00479
     -.00547
     -.01309
     -.00167
      .04089
      .00048
     -.00171
      .00266
     -.00742
      .00206
      .01591
     -.04791
      .01047
     -.01443
      .01200
     -.01320
      .00053
     -.01246
      .02156
      .00576
      .03240
     -.02299
     -.00694
     -.00132
      .01374
      .00498
     -.00571
      .02629
     -.01154
      .00887
     -.01713
      .00491
      .01953
     -.01142
     -.01029
     -.01838
      .00022
      .01723
      .00740
     -.01219
      .00131
     -.00133
     -.00992
     -.00622
     -.01104
     -.01997
      .01025
      .00305
      .00500
     -.01180
     -.00829
     -.00499
     -.00302
      .00007
     -.02362
      .01052
      .00731
      .00427
      .02259
     -.02361
      .00863
     -.00561
      .01438
     -.02513
     -.00022
     -.00401
      .00390
      .01206
     -.00819
     -.00400
     -.00810
     -.00925
     -.00423
      .00830
      .00340
      .00949
      .00475
      .00359
     -.00557
      .00019
      .00820
     -.00949
      .00352
     -.00128
     -.00840
     -.00449
     -.00183
      .01107
      .00804
      .00429
      .00255
     -.00148
     -.00371
      .00445
     -.01002
     -.01758
      .00630
     -.01382
      .00745
     -.00320
     -.00091
      .00683
     -.01919
     -.00421
     -.00208
      .00215
     -.00098
      .01215
     -.01196
     -.01174
     -.02025
      .00661
      .00995
     -.01506
      .00569
