  2.5627321e-001
 -8.8341383e-001
 -6.8517144e-001
  4.9443602e-001
  1.8602069e+000
  1.5981058e+000
  6.6318876e-001
 -3.0382500e-001
 -1.7666335e-001
 -8.9459060e-002
 -1.3985143e-001
 -1.0019180e+000
  5.2297404e-001
  5.6861793e-001
  1.3523533e-001
  5.5751319e-001
  8.8288360e-001
  2.4093493e+000
  4.9517127e-001
  9.6869092e-001
 -7.4455858e-002
 -9.4275338e-001
 -1.1689771e+000
 -6.5879768e-001
 -1.3563091e+000
 -1.7904122e+000
 -2.1442690e+000
 -8.4510817e-001
 -9.7472219e-002
 -1.5203899e+000
 -4.3896113e-001
  1.2330620e+000
  1.0702782e+000
  1.5156257e+000
 -9.5806038e-001
  1.9242440e-001
 -1.6483452e+000
  5.3947429e-001
 -9.4842881e-001
  4.9927210e-001
 -3.4849141e-002
  1.5607818e+000
  6.8914032e-001
 -1.1153824e+000
 -5.2815431e-001
 -1.3446997e+000
 -6.9955361e-001
  5.7282441e-001
  4.6241448e-001
  1.6567138e+000
 -7.1534662e-001
  5.0634747e-001
  1.4347884e+000
  1.6832689e-001
  6.2530841e-001
  1.5553117e+000
 -1.2735015e-002
 -2.3152836e+000
 -1.5410457e+000
 -3.7636100e-001
  1.7566864e+000
  1.2211868e+000
 -3.1866095e-001
 -2.9023731e-001
 -1.6671498e+000
  1.6102843e+000
  1.4951112e+000
  5.4793262e-001
 -7.6697422e-001
 -8.4415298e-001
  1.0240938e+000
 -1.3975630e-001
 -1.2019163e+000
 -2.9185130e-001
 -1.1339780e+000
 -2.0909418e-002
  1.1628012e-001
 -6.4218451e-001
 -5.0706370e-001
 -6.2456604e-001
  4.0028873e-001
 -6.3952599e-001
  1.4079233e+000
  6.6149446e-001
 -1.2373440e+000
 -5.8551659e-001
 -9.9149117e-001
 -1.4328664e+000
 -1.7044628e+000
 -8.7698463e-001
  8.1225118e-003
 -6.7284853e-001
  2.1666712e+000
  3.8968103e-001
  8.7982815e-001
  3.2922675e-001
 -6.0696247e-001
  5.4001888e-001
  1.8435455e+000
 -1.9256174e-001
 -1.0966062e+000
  1.1991859e+000
  4.3226050e-001
  5.7187097e-001
  8.5969802e-001
  2.0593862e+000
 -3.3864283e-001
 -3.0596149e-002
  6.9504495e-001
  1.4719166e+000
 -6.1469867e-001
 -1.7693310e+000
  8.8131474e-002
 -6.0000047e-001
  1.1167050e+000
 -1.1022773e+000
 -1.2372562e+000
  3.8964556e-001
 -1.2700163e+000
  2.3582185e-001
  2.2817303e-001
  3.6737939e+000
  1.3210143e+000
  9.1324810e-001
 -1.0260484e+000
 -2.0166851e+000
  9.2344746e-001
  2.7052481e+000
 -1.6449850e+000
 -2.1709369e-001
 -4.6025622e-001
  8.7282829e-001
  1.0972154e+000
  6.9999143e-001
  4.8098155e-001
 -3.0419856e-001
  5.6827885e-001
 -5.2434006e-001
  5.1178179e-001
 -1.3129596e+000
 -2.0191405e-001
 -1.3067996e-002
  1.0166209e-001
  3.7263411e-001
  2.2465606e-001
 -2.1898732e-001
  1.1938428e+000
 -4.2810456e-001
  3.0100303e-001
 -2.1114265e+000
  1.8872334e+000
  2.0992573e-001
  4.1393716e-001
  9.7757035e-001
 -1.8225443e-001
 -4.0421688e-001
  6.4605910e-001
  5.6574222e-001
  4.2894440e-001
 -6.5844467e-002
 -8.7109572e-001
  4.7639049e-001
 -1.0236233e+000
  1.4606587e-001
 -4.4554082e-001
 -6.5871729e-001
  1.3140494e-001
 -4.9071311e-001
 -1.0124760e+000
  7.7673172e-001
 -1.0991955e+000
 -3.9513069e-002
 -1.6352435e+000
 -8.4970877e-001
 -6.5617892e-001
 -5.6056735e-002
  6.5790004e-001
 -8.0280663e-001
  1.4065324e+000
  3.0034228e-001
 -2.2019172e-001
 -3.7176123e-001
  1.7503183e+000
 -8.5350603e-001
  1.5769973e+000
  8.0664019e-001
 -7.4437059e-002
  2.3671718e-001
 -1.7304028e+000
 -6.9373692e-001
 -4.5307621e-001
  1.1626660e+000
  1.3364861e+000
  6.6602187e-001
 -8.8445712e-001
 -1.2155509e+000
 -8.8836601e-003
 -3.1380537e-001
  9.0903189e-001
  4.9125539e-001
 -9.2302097e-002
  6.8245086e-001
 -4.4896539e-001
 -1.8747797e+000
  4.1912173e-001
  1.2326316e+000
  1.8283858e+000
 -5.5069890e-002
  3.8207461e+000
 -1.9921684e+000
 -2.3648495e-001
 -7.4243655e-001
  3.4526664e-001
 -1.0722948e+000
  3.2117405e-001
 -6.7663537e-001
 -7.5650561e-001
 -4.4326531e-001
  1.1844371e-001
 -3.8277738e-001
 -7.3600341e-001
  3.2584254e-001
 -6.6916854e-001
 -1.8918676e+000
  8.8450438e-001
 -1.5691115e+000
 -3.7156813e-001
  2.8840903e-001
  6.7050556e-001
 -2.1649610e+000
 -5.1777430e-001
 -1.0451591e+000
  1.7291495e+000
 -1.0145568e-001
  1.0804514e+000
 -4.5420435e-001
 -4.4600651e-001
  3.0114569e-001
  1.0047157e+000
  5.2871610e-002
  4.6456267e-001
  1.0864069e+000
 -7.5821791e-002
 -1.3898114e+000
  1.0152816e-001
 -1.4502423e+000
  3.7947371e-001
  1.1730264e+000
  4.6134707e-001
  2.1705995e-001
  1.8935230e+000
  2.7611213e-001
  1.5296085e+000
 -3.6285282e-001
 -6.4129238e-002
 -1.0673896e+000
 -2.1145989e+000
 -2.2142612e+000
  3.3024860e-001
  7.3490001e-001
 -8.3534488e-001
  1.0580919e+000
  5.2890740e-001
  1.5643609e+000
 -5.1275579e-001
 -1.0838023e+000
 -6.2639803e-001
 -1.0973146e+000
 -8.3117683e-001
 -1.1876961e+000
 -1.0783524e+000
  2.1204500e+000
  5.2982274e-001
 -1.1594048e+000
  2.9204855e-001
  1.5669122e+000
 -6.9377977e-001
 -2.1605032e-001
 -3.6985452e-001
  4.0346126e-001
  9.3329489e-001
  9.4848702e-001
 -1.3137123e-001
  1.6824419e+000
 -8.2622422e-001
  3.4333884e-001
 -1.8008157e-001
 -1.1676038e+000
  5.2632585e-001
  4.9964260e-001
  1.0710390e+000
 -1.0028616e-001
  1.0498220e+000
 -3.7073386e-001
  9.8185196e-001
 -1.3607118e+000
 -6.4624124e-001
 -7.9093142e-001
 -2.4219572e-001
 -5.7120571e-001
  1.8698640e+000
  4.4075326e-001
  8.3134099e-001
  2.0374837e+000
 -1.4942033e+000
 -1.9562178e+000
 -4.9739364e-001
  5.8905629e-001
 -1.7909569e+000
  4.7305790e-002
  9.8182713e-001
  6.7718312e-001
 -1.0044618e+000
  7.6757398e-001
 -1.1759880e+000
 -1.0444599e-001
  5.3703049e-001
 -1.8923893e+000
  4.2662112e-001
 -9.9278411e-001
 -1.6582836e+000
  1.5449338e+000
 -4.9361410e-001
  3.1994345e+000
  2.3202167e-001
 -1.3521062e+000
 -1.3972000e+000
 -2.8731900e+000
 -3.4731735e-001
 -3.0857903e-001
 -5.0693782e-001
 -1.4770021e-001
  1.6713892e+000
  1.4093052e+000
 -1.3848209e+000
  2.4089722e-001
 -1.2167497e+000
 -4.4381769e-001
  3.0206545e-001
 -9.5517064e-002
  8.9385244e-001
  8.4867267e-001
  1.0546725e+000
  1.3178743e+000
 -1.4818834e+000
 -2.0509744e+000
 -2.1793908e+000
 -7.5580562e-001
 -3.6079206e-001
  7.2073064e-001
 -5.0778663e-002
  1.1457923e+000
  1.3689778e+000
  1.2005125e+000
  1.4742221e+000
 -5.3890537e-001
 -1.4637431e+000
 -1.0027578e+000
  4.6490807e-001
  1.8484232e+000
  6.1813161e-001
  8.8627708e-001
  1.4122280e+000
  7.9178571e-001
  1.2929507e-001
  1.3651408e+000
 -7.0208769e-001
 -1.0998511e+000
 -9.4268034e-001
 -1.3429818e+000
 -8.3310727e-002
 -1.6936448e-001
  8.8528471e-001
  5.0801161e-001
  5.2264564e-001
  2.7097716e+000
  5.7988766e-002
 -7.5324928e-001
 -7.4895517e-001
 -5.1698120e-001
  1.3175399e+000
 -1.0012863e-001
  5.3545253e-001
  1.4395772e-001
  1.6888782e+000
 -6.7244400e-001
 -1.8026602e+000
  1.0377879e+000
  1.4993931e+000
  2.2049246e+000
  4.2730685e-002
  7.0487809e-001
 -1.1964799e-001
  1.8866980e-001
  1.1155584e+000
 -4.0408226e-001
  1.1936620e+000
  1.7152790e+000
  5.6706791e-001
  1.5406930e+000
 -1.3146552e+000
 -3.8837716e-001
  1.8505607e-001
 -6.2679745e-001
  1.0953603e+000
  5.2210397e-001
  6.4022062e-001
 -8.6576928e-001
 -2.1625064e-001
  5.7361486e-001
 -1.8641383e-001
 -3.5648562e-001
 -1.2943769e+000
  3.7425150e-001
  1.0553272e+000
 -2.6493617e-001
  4.4016791e-001
  1.0894438e-001
 -1.2757854e-001
  8.6893893e-001
  7.1837979e-001
  1.2859730e-001
 -7.1079128e-001
 -5.6374747e-001
 -1.7859533e-001
  5.2591161e-001
  2.2355948e+000
  5.3346029e-002
 -1.3965456e+000
 -1.9949346e-001
 -1.5121123e+000
 -1.1133599e+000
  1.4262201e+000
 -1.2909382e+000
 -2.6215598e-001
  2.3266186e+000
 -3.5804228e-001
 -1.1911784e-001
  3.6059191e-002
  2.0212826e+000
  9.3143424e-001
  5.6288875e-001
  6.7274979e-001
 -2.8039870e-001
 -6.8253975e-001
 -2.0960230e-002
 -2.4043390e-001
 -9.6304120e-002
  3.8539411e-001
 -1.8980187e+000
  2.9740875e-001
  7.6911920e-001
 -7.0817374e-001
  6.5954782e-001
  1.6158555e+000
 -2.1725599e+000
 -1.1246780e-001
  1.5055664e+000
 -2.9974322e-001
 -1.4406650e+000
  4.0766346e-001
  4.2684613e-001
  7.0028995e-001
  6.7795289e-001
  5.1049656e-002
 -4.1209879e-001
 -7.2704942e-001
 -7.0921635e-001
 -1.0269683e+000
  9.0402484e-001
  7.4939063e-001
 -5.6284500e-001
 -1.6268200e-001
 -1.9800538e+000
 -9.1451806e-001
 -1.2674736e+000
 -2.5224103e+000
 -1.3836551e+000
 -6.6784377e-003
  7.7767578e-001
 -1.8019567e+000
 -8.8411444e-001
 -2.6474659e-001
  4.8753697e-001
  4.5755226e-001
 -2.3847321e-001
 -1.2490671e+000
  1.4070239e+000
  3.0272214e-001
  1.2886660e+000
 -2.5008459e-001
 -7.7159102e-001
 -2.1482258e-001
  5.6675367e-001
  6.3594237e-002
 -1.2467662e+000
  2.8589884e-001
 -8.7058643e-001
 -3.4358740e-001
 -3.0787916e-001
